00000001
00000001
110001110001110010010100010110010001110111001010010111110010100000000001
001110011010000110011011110010011101011100111001111100000100101100000001
00000001
00000001
00000001
00000001
00000001
00000001
00000001
00000001
00000001
00000001
00000001
00000001
00000001
00000001
00000001
00000001
00000001
00000001
00000001
00000001
00000001
00000001
100101101011000000111100110101111000100101110111100000010001000100000001
01000100011101011001100101011100000100000100010100000001
0111010101110101101111101100001000000001
010010100100000100000001
00000001
00000001
00000001
00000001
100101011101011011010110000011000000111111011010101110001000101000000001
010110101000111100010011100000010100000100100001111100010101111000000001
00000001
00000001
00000001
00000001
00000001
00000001
110010010011100011111001100111100001001101110010110011100100110000000001
01001010100110001000111110011010111110000011111000000001
1001110001111011101110001101100000000001
111000111010111000000001
00000001
00000001
00000001
00000001
001111100100010111000110001110110101011000000111111000100010101100000001
101000101110101000011111100011110100001011100111110101001010000100000001
00000001
00000001
00000001
00000001
00000001
00000001
00000001
00000001
