0000000100000000000000000000000000000000000000000000000000000000
0000000100000000000000000000000000000000000000000000000000000000
0101101001101011011000010010010010001101111101000000110000000001
1111110100101111111010011110000111010110010110011111000100000001
0000000100000000000000000000000000000000000000000000000000000000
0000000100000000000000000000000000000000000000000000000000000000
0000000100000000000000000000000000000000000000000000000000000000
0000000100000000000000000000000000000000000000000000000000000000
0000000100000000000000000000000000000000000000000000000000000000
0000000100000000000000000000000000000000000000000000000000000000
0000000100000000000000000000000000000000000000000000000000000000
0000000100000000000000000000000000000000000000000000000000000000
0000000100000000000000000000000000000000000000000000000000000000
0000000100000000000000000000000000000000000000000000000000000000
0000000100000000000000000000000000000000000000000000000000000000
0000000100000000000000000000000000000000000000000000000000000000
0000000100000000000000000000000000000000000000000000000000000000
0000000100000000000000000000000000000000000000000000000000000000
0000000100000000000000000000000000000000000000000000000000000000
0000000100000000000000000000000000000000000000000000000000000000
0000000100000000000000000000000000000000000000000000000000000000
0000000100000000000000000000000000000000000000000000000000000000
0000000100000000000000000000000000000000000000000000000000000000
0000000100000000000000000000000000000000000000000000000000000000
0000000100000000000000000000000000000000000000000000000000000000
0000000100000000000000000000000000000000000000000000000000000000
0100101111011110100001010000100000001001111000100011101100000001
1001111010111110001011010111010010110100000000010000000000000000
1010011110110011010101100000000100000000000000000000000000000000
1001101000000001000000000000000000000000000000000000000000000000
0000000100000000000000000000000000000000000000000000000000000000
0000000100000000000000000000000000000000000000000000000000000000
0000000100000000000000000000000000000000000000000000000000000000
0000000100000000000000000000000000000000000000000000000000000000
1011101101111101110110100111000010010010100101101100010100000001
1001000101111100101111101010000010110000110111101110001000000001
0000000100000000000000000000000000000000000000000000000000000000
0000000100000000000000000000000000000000000000000000000000000000
0000000100000000000000000000000000000000000000000000000000000000
0000000100000000000000000000000000000000000000000000000000000000
0000000100000000000000000000000000000000000000000000000000000000
0000000100000000000000000000000000000000000000000000000000000000
1101001000111101101011001111010110100010110110101100101100000001
0101011111111111101001000001110010001011000000010000000000000000
0111000101011111100011000000000100000000000000000000000000000000
0001011100000001000000000000000000000000000000000000000000000000
0000000100000000000000000000000000000000000000000000000000000000
0000000100000000000000000000000000000000000000000000000000000000
0000000100000000000000000000000000000000000000000000000000000000
0000000100000000000000000000000000000000000000000000000000000000
1000011110110111010010001111011110000001100001110001000100000001
0010011100011010010001001110011101010010011111001111011100000001
0000000100000000000000000000000000000000000000000000000000000000
0000000100000000000000000000000000000000000000000000000000000000
0000000100000000000000000000000000000000000000000000000000000000
0000000100000000000000000000000000000000000000000000000000000000
0000000100000000000000000000000000000000000000000000000000000000
0000000100000000000000000000000000000000000000000000000000000000
0000000100000000000000000000000000000000000000000000000000000000
0000000100000000000000000000000000000000000000000000000000000000
