00000001
00000001
01001001
00110111
00000001
00000001
00000001
00000001
00000001
00000001
00000001
00000001
00000001
00000001
00000001
00000001
00000001
00000001
00000001
00000001
00000001
00000001
00000001
00000001
00000001
00000001
00101011
00010010
10011101
11000110
00000001
00000001
00000001
00000001
01001000
10110110
00000001
00000001
00000001
00000001
00000001
00000001
00001100
01000001
00010001
01000110
00000001
00000001
00000001
00000001
00000111
01011111
00000001
00000001
00000001
00000001
00000001
00000001
00000001
00000001
