1111011110110111111010101010111011011011111110111111111100010100
0111110001010011111111101100110000111111110010000001000011100110
0110101101100110100011010011011110100000011110011100110101101011
0100001100101110110010000001110111100000000111011110101011010100
1100101000111000011011111001100000010100000100011010000010011101
0100110000001110010111111110100010011110011110001111101101010001
0010101110011010001101100010000001010110000101010011001110110101
1011110011010100101001110001000110001011110111100000100000111001
0101111000010011100001000001000110001011100110000101011101110000
0010100100011101001110010011100001011010010010000000010010110011
0011011011000010001011111010111000111000100111010101011101101011
1100010001001100100010100001100100100001010110000110110000010011
0001010000001111001010110100111010010100010001000010010001111110
1000111100011110000010101101100111000111011101100000000011010000
1101010100110101001100110000101001111011101010101001010010110010
0100000000001000011010001111101100010001101100110110011101101001
1111101010011011001111100101111100011110000110010100110110100100
1010101111001001100010000011100001011110011111101110100001110110
1000000011000000010111101101111101001000111111000100011010001000
0010110011001010100001010110010101010011100001110010101001111111
1111100000010001101100101010111010001101100000010011010110010011
0001100111010000011111111011001111011000011001110010001000100101
0010100000001110100100110010001111011011010000111101111010100110
0110011001000011101110110011101011001100111101100100101000001110
0101110001011000110111011001011011011000100001000110100011100000
1011101010110100011101101101110101010100100001000110111111001011
1101111101011111110000010011100011111010011011100101001010100111
1010111010100011011011000000001000000001000001001010101010001011
1110010101101010011101011100011110111011001001010100100111011001
0111110101011010010101111010101010110010100011011111010100100101
1100000111000010001011011011110111010101011001000010111100111001
1100001101100011111110001000100110101001010010000100111011010110
0011001000001111110100111101001010001010010010100011010011101101
1001100010011010111000110110111101111010000100111101001000110011
0011001110101100011100000100011110100110100101100000100010000010
1101001101001101001000111011101010110010100101111110111111110000
0010101100011111110110110001110001100111000111000011001100111101
1011010001100111001011001101110110110010101101110010001010001011
0101110001011110001101001011010011110011011010011001111101011101
0010100100011100010111001111001110101000011011101100010110101011
0011100101101010110111010000111100101110000100110100110100010010
0000100000010001110010101100100000101110110000001011111001010111
0000001100010000110011100111101001111000010001000111100101011000
1111001111111000100000001110011100111101001001110101100011000100
1100101000110001111110111110011110101101000001110010011010101010
0100111001111011110100100100111011010111000110011110001010100111
1011101001011101100010011101111101100100011011110000001001100110
0110100011001010010101010100100000101010001100101110010011100100
1011111100100011111000111011111111011000000010111101101001010100
1111101101001000100010000010001010100001111010101000010100101000
0110100110011011011111100101101110100001100100100101101101100111
0101110000100100000101000100000111000110011000010100101101010000
0010100011110100101001101110100010010101001100110110111011111001
0110110010111101111110100110111010100011101110101101001000101111
0001100100011110110100010110100011011100000101001111100101010010
0010011000010000011110010111100010011111111101110001100001101110
0010100110011001110110100000000100011101100111000110001101100011
0010101000000110110011011010111011110000101110110100001100000000
1001011111011100000011001101100011001101011101001111000110000010
1010001111110000011110110100101101100111100010011110100011100000
0110100101011000010011100001100111001101000011100110000010010000
1111011011111101100110011010110010010011100010101111101110010010
0111101110101001111010101000010000000011101001111100100001110010
1101101001101100101001001010001100010011100100011100001110000110
0010011100101000100111110101100011100100000011010011010111110101
1011110110011010111110100111011010001110100000011000001010001110
0001010111110000000001011000001001001101111000010100101001010011
0011111000100100011001100011001110000110010001110001010111100000
1110111011010100100111110111010000101100110001101111010010010000
0010110011011110100011111011010111110101011101110001001000011001
1000101001100000011100110101000110000111001110100000100000011011
1110010010010000100000000010110010100110000001001100100110110100
0001110000101100101000000110110100110000100111111111010100100011
1000001001001011101101010011000110011110000110100011000010100100
1100000001101010100111110110000110101111100100000100010100011100
0100011011111001010001000010101000011000000111010101100110001101
1000011111101110011000000011100011100001101101011010011100110001
1111110000111011001111111011100001110110111111110110001101011000
1111000000000010001000111010010110010010010000111000100100010011
0110001101001011001001010011011111000000101011010001111011111101
1111000100000101001011011100011101010100111000011110011001110100
0110001000001111110100011001011101010000100011101011110000111001
0000000100101101010001100001101001001000101110011110111001100111
1101111111111111000101100000010110010001100111100101000000100101
1110000001111001110001101101100111010001010111011110011110110000
0100010100111110001010000101100010111100101011100110000110010110
0010110010000001101001111101010111010101000101010000110011001100
0110001110100000000000000011110100010110100100000101110100001001
1100110000110010111000000001010111110000011001110010001001001101
1001101100110001010111011101010000011101100100001001100010110000
1100000110101011111010010001011100001110010100110110000100111101
1101010010110101000010111111010100001001100100000110001110010110
0110101010010010100101100110111010011100100111101111001110100010
0100001111110101111101101111111010110100111110100110011111010100
1111010011101000001011000101000010110101000111001011110110100111
1001010101001000000001000110000001100101011101000001001000110100
0001101010011011100100100011010100000100110101011011011100010101
0110101101110011110000011000111110111001001000010000111100100010
1100011000011010110100001100101000111100011101110110000010001101
1010100111000100100000010111110000001001001001111110111000010110
1000110111111110000111110111111100110010011010101010110110010000
0111000110011010011101010111001011110001000011110000010111101101
0101110101110011000101011101111101111010000001100100101101101011
1100100110000010010010100101010110111011100100110010110101101000
0000110100010111100111110111101101001101010011010110000111001000
1101000100101011110010001000110000111101000011111111110110110100
1011111111000110101110010010000010011100001001001000101101101010
1001100110110010110010011010010001001010100011001111010001110011
1000110011100000011110101110001101001111110100101100101001011110
1000010001001110101111101101011011000010110001000101011110101010
1100110010111110100011110110001100101001010100011001100101111000
0011010111111010101000000111110111000111001100100111100101111000
1110111100111010111001111100010110111111111001110110010011000111
0010011101010001000110100000111101010011011100111010100000111111
1110111111100001010100011101000101011011011101011001010110101110
1001110110000110010001011000001100110101010010000001100000000111
0101111110100111101001101001001100010010011010011100011011010100
1111011111000100110111101111000110101011001000010111110000100110
0111000011000101110001011010000100001101100110110010101110010001
1100011010100011011111100010111100001010010001101000101100000011
0000100001001010111011101001000111011111110101000110011010101011
0001010000101011101111111100110110111000000001001111001101101011
0101101101000010100000001111100111010011001111000100100111110100
1101111011011011000111111110111101100011000001001110011011101101
0000011111110000011100111101011110000011000011111000000001101101
0100000011000000111101001110101000000001000100001111100111111100
0011000101101011011000100000010001010011111011000000100101110100
0111000100100111001010010100111111011110100001001100001100011001
1000101011000111000011000101001011110101101000010110010110110010
0110101011100010000000010100010001111110101100001001010001000100
0001100101011101111010010010110010010100110101100010000001011100
0001010010011010110101100000010111010111000101001101110110010011
0011001111100101001011100010110001001011000111101000100100111000
1100011010011111100000000011111011001010101111001010110111101000
1111000010001110100110111111001010011101111011001111011100100001
0100101011011010001111000011101101100101110000010011100011000110
0110000001101101000011101010111111101111110011101001001100010100
1000110001011110011111000010101111101010111010011001000001011111
0010110001111101000010100011000001000101100100111010110001110001
1000010110010011011011011000111001100111111000001001101110111110
1010000010100111101011111110111000101010110001110010011011010011
0111001101101000010110111010010011011010101001101100100111101110
1011111110011100100000111111101110000101111001100011100000110101
1010010001111101011101101000011100000000000111101001011011101110
0101110001100100110010100101000100100110011010010111100001100110
0100001101011110100110011000110010110110001001001101101110011100
1101110110001001000110001011111111001100000010111100011010001001
1000111001011110001100100101101101000111101110101010111010001101
0010111010001100010000111011010101011111011111100001001011101000
0111010010100100010110011011101100010110011000101101011110011101
1100000000000010100010111110010011001110000000000110111010111000
1011110100100011000010001001000001000010101111101101011101110101
1111001001101010011101001010100100111011100000000010011000111101
1111111011100101000100100100101101100010100101011010001101110110
0010001101010001100101001001001011000100110010110110101010001110
0011110000111111100011000101000011100010111111100101011000010111
0111011100100100101111000110100000101000001110101100001001100000
1110001101010000010100011011010001100110000000011000100101001010
1011000011000000001111110011010000010001111101111101101000001100
1110010000111101010100100010111011110011011011011011110010110001
0110001011010001110101101000101000011100101111001100110010011010
1111011110010011101001000000011010011111011011100101100010010101
0010101001100011110101110001011011011101101011011100111010100110
0001011010000010011000000101001100101101101100111101110011011001
1100010001001100110100100000000000101101001110101110101101110100
1000101010111100110000011100000110001100101110111101011010010010
1001100110001110010100011110100100111010011010000011110001000010
0000011111110110101011101101000001110010100010111100110011111011
0111010111010110011011111001110000001100110001000010100010100101
0110101111101101111010001011100110101000000101010001011010000000
0001001000000001000110110101110001000101110001100001100000000100
0011010010101101011100001110110101011010010011010110101111110000
0101000001000111001010111111110100101111001001100001111010110011
1011100101111001110101100000000110111111011110001111111001111101
0001111111101110011101101010110101110110001011011100011000110001
0101011100011101010110101110101001001001110010000110011100101001
1100110011001011110101001011000000001010100001000101011001000010
1001000000101111111110001011000101100100010010110010010011001001
1011101111010010010000100111101100110000010101110001110011011110
0000101101111111100110011111001010101101001110010110100011010000
0101100111001101110100110100111011110011000110000101111001000100
0011101111110110011011011110001100110100010010000010010100011001
0000011010001111011110000010011101011110010111010100010100101000
1010110110100110111000010111110001010111101001011000101111001110
0011000111110011110010000011101101100010000010001100010101110000
1110010111000110001100001111100000011101001110001110010010001101
1110000011001100110100111101001000110110101110001001100000111011
0100101011110110101001101011111001110010000001100111001000111110
0101010010110011000010111010010111100100110010111000001110000010
0011101101010111011011110011100100100110111001111110111111100011
1111011010110100110101001100101011001000001010001101111001010000
0111011101110100000000000111011000000100111100011101111001111111
1111010110001101100001100001101101101011100111000011000011111111
0111010010001010011100110011000000111111010100101101100000111011
0010011110110101111111101110001011100100110101110000100001100001
0111011111011011011101111100111000010100110010100110011011111110
0111101100010001100100101010000100101001001111111000010110010101
0100110000001001001011000101010110010101110001001010010100101101
0100111001100110010001010001010101101000011101111111001000110011
1100011000100001000101000110010001011100110110100101100111101111
0111010001011111101000101110000110000001011011010010010101111101
1001111001111101001011111100110101010100000111101101001101111000
1010001111001111111110110001111101110001001101111101011101101010
0001000001101011001111011111111101100110101100000010011101001110
1110111011000100010110101111010001011100001000010000111001010010
1001111101010110110101111111011011000111111000000000110000000011
0011110010111100110000000011101110011001001110000001101001010100
0011111111100100000010100010101110001010000000111101001101101000
0001011001010011001001011100001011101000111101110010001001001000
1110111111110011111100001011011111010110101101111110010110100101
1011111011001110111001010000100001010011111011000110011111100110
1111011111100101011010101010010111111011001001010001111101001101
1000100110000111000001000010111011000010100111100001010001010101
1100000101001111101101101111100011010010000100010100011001101100
1000101000000101100100001101100000010010111100001001100000110101
0101000010011010100000001010011001111001100111111110000010110010
1101101101101100110111101000011111110001000111110100100010100111
1100011101011101101000101001111100111001010001110100111000101001
0010011011000011101111000111000010000000010001001110110011010110
1011101110010000011000111000100011011010010111001001101100010110
1101011000001101010001001101000011101011100110010010110010110000
0010010110100100011110110110100110010011011010111111100110101100
0111000011110000111010010000011101011000101111100101111011101001
1111001001010010101110010100001010001000110000011011111111100001
0011001001101100111110011100011011010100101001111011011000110000
1001110111110100000011000011111011010011010101111010100001010100
1100001001010111010010010011110001110101110000100111101111111010
0100000010100111011101100010101100011000001011001011101100001111
0110111110010001000101011001011010010111111000010000011111110011
0011110110001001010111111001000101001000000000100101001010111111
1111111001101011010101100100110100110111111001011111010101101001
0011110101111001101011100100000101001101000000001010010100000101
0011000101101101101011100010111111000010001011010010100001000100
1101100111011001111110111011000101110110011000011111001111010111
0011010110010001100010000101001111111010001011101011011101101000
0000011011000110100011110100111111001000100001110100001001101000
1100010000100111010100001111100010101000010100101010101111010001
0001010111001100100110000100010001110110010111010111111010011011
0001000110000110111001100011111100101001000000011111110011100111
0011001100100110010011000000110000011010000011100101101100001101
1011001111110010001100101111010011001010001000100100100101000101
1111101001101101100000100110100110010110000100101101110100011110
1110011001011100110100110011001100001010101110101001011111110011
1010101101011101110111010110110110000001011110010010111100010111
1110100001110011101111101111101000110101000111111111001100011101
0100111100111101001100110101101101110011111101111000111001101111
0100001011110011110110001000011110110000011011110101000001010101
0110100001111101100110101101011101101011100101001000000111111001
0001011101010011011010011000011001111111000100010100011011111000
0011010010000101001110011000101110111001001000001000011100000101
0101001001010100001011010000101000100101011100000100001110101111
0000111011101101101101110101101110000010100101011100011001110111
0000001010100111000010110110010010000110000100000110101100000100
1101100111100011000011011100001011110000001100010011000000011011
1001110111010010010110010010101000101001010000010101010111010110
0010100001100101100010100110111000110101101111001111000011110001
0011100000110000111011011101101011101101010101011011100000010101
1010010001010000011110011001100110101111001100100101010011000000
0100111010110001000001010110100000111100100001010001101000011000
1110011100000100001101001100000101111011110010110010100001001011
0001110011010011010111100100100010101010110100010111100111100001
1100001000010010110001111010001001010000111101110011100000010111
1010011101000100011111001010110101000001010101001111011000110010
1001101100101100111101101001000111000000001010010111000011010101
0111110110000110010000010000100011101011001010111111000000111101
0100001010010010101111101111010111011001001011100000001111111001
1001111100110000001100111010110110000010100101100100000010100101
1010000110110110000001100101110100010101101100111101001100010101
0000110110000101011101001100110101011011110010101111000010111000
1101000000100011111000000100010101010110000100111010111011110101
1010110010100010011000010001011111001000000100100011100110001010
0000010011111001011111010100011010010111111000100110110001011101
0111100010100011100010010110010001011001100011001110110100001010
0000010000110001110001100000101101111111110001111010011011100011
1001111011100000010000100100100101011001111101111011000101110011
0101110101110111101111010110110011110101011100000111011111111101
1011110011011111011101011111111001011111001101101110110010111010
0010101000111000001000110011100101111100110110111000010111010001
1010011101110001110110110110110110001001100100101110100001000001
1111111001001001001000000110101101110000111101110010000101100000
0010010000000101010101000110111110101000101101100101100100111101
1011000000000111110111010111101101110100011110000000000111100010
0110101101010011100111010100000111100000010001110110010100000110
1000100100100111000111011010000101011101001110100100100111011000
1011001011000110011010010011010110001100000110010001110010001001
0110011011010110000110010101010010000100101011101010010110000110
0001101011000001110100010101101010101011111010100111101011111100
0101010011100001100100100111100010111101000110100110011110110011
1000001000101111001101101100110001011010000000010100101101110011
0111100010110110000001000101110001100110110111001101101100001100
1000110000000100000000001000000101000111010101111010101111000010
1010110101101110111001000101110001100001111110101010001100101100
1010010110010000000011000100001011000000001100001011000011000010
0100010100100111101100001111101101011110111011101100101111001011
1000111010110001001111110110101111100000011101110010101100011110
0111100000001101010001110010100011100111101011110111100101000011
0000000001000111010110011100110000111000001010000011101000111101
0001111011001010100110101010011101010101001101101010001110101011
1010110110111110101010100101111101101011011101100011001010011011
0010001101000000000111111011100111100000011010000110000001010001
0101010001001011111110011010011010011010110010001111100111001100
1110001010111001100101011101100111000011011001000000000010010001
1000100001101001011101011001101111100110011110000110101110000011
0010010100000011110110001010110111111110111011100001110111110100
0000010001111011010100001110011111101010010100011100110011100111
1001010001000001000010110000010011001100100000000110111101111010
1111100111011100101101101100011001110010000110111010001000111100
0011101010000100111101000000000010111010100110110010011001011001
1000101000111001001010011011011011011111101100000101000111100110
1000001111001101101110110110001010100110111000010001100000000010
1010111011001100000000010010100110110000111101010100110100010111
0011111101010000010110010001100010100100000110010100110111011111
1101111111101110100101101110001000000110110110111110101011001010
0011100110010100101100101001111011111100101010011110100101001101
1111110010110000001111110011100100101010011110010011011110011010
1000000011010011101010001000000111000100000110000100110100000011
1000010011001110110001100011001111000111111000011110111111111011
0111100111100111110101101000000001000000011001001111101011100111
1000001111100111011011010100011101100001111001011010000101110011
0110101111111100011001010001010011011100010010100100111101010000
1011000101001010101000000001110010000011011001111001000001010100
0111010100000001010001010001100001100010110010111001110101110000
1000100100000110101010010100101001110001100100110111001101110101
1111011000000100111010000001110000110000011111111111110000001110
0101110000000011101100101110011100011000001110100010011101011011
0000001101110111110011011100010001000110101000001111101101110011
1010100100111001001010011001101000101000000010110101011010101111
0001101000011010011000001111111010000101010000110111100001110110
1111101111100101000010100011011001000000111111100110111110110001
1000000110010101101001010100110011101111100011000100100100001001
0010110010001000000011011011001101111001001110101101111010011100
0010000010010011111001010001100010001100000111001011001111001001
1000111000110011111001011110111101001110010101100010101011100011
0110011010110100100101111101011101111111011010111111111000010001
1110100010101110010011110101101110110100101001010010110110011001
0101111110001011000000110100100001110011110101100111110101000101
0100111101111001100000000110111110111010000011001110000101111010
1111011001101100011111011111110101110100100000010010001100100110
1000110001100001111110101010101001110011100101101110100101110111
1110001101111101000000111001011101100010000101010000110000011010
0101100101001111000010111011011100110100001101001101110000111100
1111010010000011000010000010000010100111001110001101010011000011
0010111110001011000011110000000001100100111111011111010011101011
1110100001111010101011001110011111000001101101100011101110101000
0011001011110100010001101111111010000101011111100010001110101101
0001001001110001011000101110010101011100010101011110111101001000
1011101000010110000000101111110011000101101001011101000010100111
1011001111101000111101011010100011101001001101110010100000001001
0000001101001001110001110110111001101111000100010110101001110001
1110000010010010100010000000101000100101101011010001110111010000
1000110010010000100010001111011000110011101010011111000000011111
1110011001001100010001101110001101101110001101111111111011010000
0110110000100101111110011110111000110100011100010000110110111010
0101000001011000100001111101100111011101011101011110000001001011
0011011101001101111001111010110100000010110101111011011001111010
0100101010111100110001110110011010010010010011111010110101011111
1100011011110101101111011110000001010011100011001000111110101110
0101100000101001001111111010011101100111010001101010100000011111
1100000001110001011110000101011000000101110110111011000000001101
0010111111101111010111101001110011011110010100011110001010100001
1100101001010100011011111011010111001010000110010000100010000100
0110110100000110101101100010101100111000111001101000001011100110
0111101000001001010011001010011110000101111101100010100011111101
0110010110111100111110010000011110110101011000010100111001110011
0001001110111101111001001011001000110001110100110001110011010001
1111000000000010011011011101100011110001001101110010110100001010
1100110001101100010100010100011100010110100000100001011101111010
1001110010011101101100110100110011110001111000001010001110111000
0000011001011011001100110000010100100000010110000010001001011111
0110100000010100001100010101011001001110111110000000110000011100
0010000001011000001000101011101110110111001011010110111110110001
0011110111000110111110000110010101011101001110011011000110011010
0100011110001110100101110110110110011100000000001010100111011101
0101101101111100100101111011001111101101001110110101001000101100
1110111111111111101010100001000110110001101111101001100111101001
0011100010000111111001010110011101101000001100100100100010001010
1000000100000101101100101110000100010100001101011001000110011101
1110000010100001011100001010010110101001011101010010101110110011
1110010010010100101101001011111001000010011110010000010110110001
0010110000010100101110010000011001100100011111100001010101010100
0000011010101110100010101100110110111011011110111001110000010000
0010110010000010111000100101000100101110101011101001000011010111
0001111100110101100100001000000101100000101000111101101001011010
1111101101111011110100100010011000111010011110000110010000101100
0110000011111111100001100000000000111001010011000111101010011101
0000101011110010110110100100011000111010101100111000100110001111
1011001010111000010101010111100101100111010000011001000110101101
0100111111101000000111001010110100010001000001010111110110110100
1111100000100101100111011010000100000000010001000101110101011100
0010001000111010011111110100100111011110101110010101011110000010
1101100011111110010010111010101000010011100001100011010111100100
1100001100011011000101111010011110110111000010111101110100111110
0000011001010111010100000011000011101101010101101000001101100110
0110101000111111011010110000101000001011011001010100111011100100
0100010000101010111010100011110010001001101011000111001010101011
1000100101111000101001010000110110100100100001001001101001001101
0011100010011000001001011000101000101000110101110101011100110000
0101000110010100011000011011110010100011111010101101101111010110
0000100111001011011000001111001111011101011111100111010101000010
1100110010100010011101011010010100111111010000111010001100111010
1111010001010110000001000101101110100010010011001011101001111110
0001001101001011101000100110110100111110001001110001000001100011
0010100100101110010100101101111000101001011100001010101101000101
0000010010100001000111001000010011101111101110001010011010100001
1010011100010110111101011010110111000101000111001010110001110001
1000100110111101011010111110001011011111011000001000001001101010
1111010010101000011011010110110000110010001010000000110000111000
0101000001011010000100101011111111101100010101010000101101111110
1111110000001101010001010000011111110110010111110010011011011101
0011110110011101001000011000110100000100111101111011001111101001
0101010110110111011111111001100100101011101010110000110111000100
1110010001000111011000101100110001001010100010001111100000011100
1100100100001110000001001010111110011100010110101010110010001000
1110110101000011011101001001100111000010110011111100110100101011
0111101111111011110011111110101001111001000111011110110011110100
1100011001111010000011011010010111001000110111000111001101011001
0011110110110011111111010100010101010011111111011011011100001010
0011011001101011011011000100111100001101111000101001100001111100
0001100101101001101001101111011010111100011000000100011001110110
1011110100010001111111111110100100010111011101111000110101110100
1001110101100110010110011110010100000001011011110011001111001100
0010000010010011101001101011110110101000001110100101100010001111
0010010011010100100111010010000111101010001110100000000011001100
0010111110100011000100001010001110101000011111110011001001000101
1000010011110011011111110000000110001111000111100001001100111010
1111001101110111110110110110101101001011001100010111010001111100
1000010011101001110010000010110110110000111100010111011100000001
1001000111110110010101000010000011000110010000101101111011000110
1001001000100010010010111110111111011111011101011110110101100010
1001111100001101110000010111010010110000011100110011111111110100
1011011000100100011000010101110000110110010010001000101010110100
1001010001001111110101100011101010010010100101111010111100010100
1111100100110110101100011010001001010010101010000011111111001111
1111000100101100111110001110011010110011010001100110010000100010
1111010100011110000011001010010111011000111111001010110101011000
0101101110100011111001110100011100101001011001100110110000100010
0100101011001001011100011011000101110101001010100111010010100011
1101110011100001000000110001010000110110110110111001010101100010
1011100111010011101001110111010011001001010010101011011001101101
1010101010011011111111101101010100110000100111101001010101001010
0111010100100001011101011100011011100101110100110100100001011111
0011101000111110100011100100010101001000011101111101011011100010
1100010110100010011101100111010010100100110101100111110101110001
0110011001010100010111101011001110111010001111111101111001010111
1110100001000100110001011001100001000011000001010001111000100101
1110100111000000011010101111000000011001010110011010100111001011
1011001110101001011011111001011011111000111000100011111011011011
1001111011110100110001110101100010001111110010000101111101100010
0010111001110110111110110101011000010010011001001001011101001110
1000011010001110100011011011110011110011010100000110110111110011
0010011110110011110111010111111011001101011000011110100100000100
1000011111101011101100110010000101000101001110011010000111111001
0101101100010000110101011110011100011100111010100010110010101101
1000101110010111001111100001011000101011101111110000100101011100
1000101101010101011001100001010110110000010110100011100011101100
1000101110001010110100001100111010011100111010101111110111100011
1000111110111010110100011011011110101010110010110000000011010010
1011111110110000010011001000001111000001111010111000011001010000
0100001000000110001111101110100110111110010010110010010111111100
1101101000001000110101110011001011101100111010001001011100100001
1101001000111111010100001011101111100100100000111101011110000010
1011001100001000011000101000011011000001011010011000101100011011
1101010001011000110101100100011111110100111101111100110011101000
0100010111101010110100111111010111010101000001000100111101111001
1101011000010001110011101100001001100110110011110000010000010100
0010001110100110110000110001110110110111111110000000110011000101
1011001111010011110110101000010010101110000100011110010101010001
0000010101010001110100000000111101000110110000011100011110111010
0101110000110110111000010001000110111001000000011101100111001110
1011011011001010111111011000110001010000000111010011011100100100
0001000001100100010001000000011110010111101101111010010110111001
0100111111010100001000011111110010010110110111101010010110110010
1011100101000101011011011101110111001000000100111101111010001000
1100010001111010011011010101000101100110110110110111011101100110
1110110100101111000001010000101000011101100000001111011100011101
0011111100000100101000100100010100100010001110010101111111100111
0010001101100100100010100011110101000101110100000001110000001100
1010000101110110011111000000001001111001011101001111010100110110
0011100100001011011110011000001000101011100111110000001100011010
0011001100101000101010111000000111101000000111101000000100010000
0001000010010111110010100010000110000000100111100110001101110100
1111000001010001101000011100100001011000011000101000000010111000
0111100010011100000100110100101000001110000110001110111011101101
0010011000001110011010000110010111101110110010000110100000001111
0111101101001001001100001001100100100001011001101110000110101100
1101111111101111101111010010010101011100100011011111001010001110
1010011011011001001010011000010111000101100000001110011101110011
0000001110000001100001011001001000110010100001101111000110010001
0101001001110010100111111110111111111011001001001010010100111001
1100011101110101111111000011101100101000100011011011111101111001
0001101110110010000000011110101100100011100101010111101001011110
0011000011111001001010001000001111011010111000010000001111001111
1111011101111001100101111111001000110101011011100110000111001100
0001101000110000011001100010011001101100110101010101110000100011
1010000110001110010110101101011110110101101010011010001110000000
0110010010111111010100010111110000110110110010000000010001001001
0101011001011000111001001111100011000011100111100110100110000011
0110010011001000000110010000001000101011110101010000100110111100
0010000110101111011100000101101001010101011100010111010000101011
0010010011001100011010000000110011000111000011111100011100001101
1111111110111100011111000101001001010100011010001100001110100101
1001101111100011000110010001110001100110001110011010010101010110
0100001111001000000010010010100111001101100001101000101011010000
1010000000110111111101011011011010010010000110110011001000011100
0100011011000010101110011111111111001001111011100101100101101011
1011010100100101010110101100111110110100000010000101010000011001
1111001100000001100110101011011100010010011000001111110101100100
1010010111110011001110110101110111001100110010101001001000110001
1010011010011001110100110011111111111111110100101101000100011101
0101001010010010100110100000000111001001010100110010011101010011
1000100110101100100001001000111110100001100101111011010001010001
1011111101111011010111100101000110001000100111101101110111100011
0101011011010110101010010101000111111010110100000111000011001101
0000100010111001011111011010011111110111000011101000010011011111
0011101000000000001000011010001010010011111011011100110100010111
1011111110101110110000101000000000011010001000011110010110011101
1100110111101110010010011110101001011100111101011001000110000101
0000011101000001011111100110101001000011000000001101100101001000
1000110110110001101111011100001011000011010111010101101010111011
0000011010110100010101001000100001100101011100001000001010101001
1011101010000111010011001011011100101000001010100011000000010001
0010010100111011101101100000100111000010011111001101011000111100
1000111000101011110011111000010110110000111110101000100111010001
0100010001010110001100100100011111000010001010010010110110011001
0100111001100110111100001000000100010111010000101101101010111011
1110001001001110011101011011001010011011000010000010010011110101
1001001110000001111011100001000110010011000101101010110010101110
1011100111011110110101001101101001001100110100000000010010100010
1101001000111011010011111000110000100101001000010010001101010001
1100110100100010101100010101111010010000100000001101010001010100
0110100011010000011101101011100000000110101110000001010001000001
1100101101100001010111010110110100110101101001101000110101111000
0001111000011100110010000000010101001110011101011110101010001110
1100111011110000110101011010000000100001000101100101101101110011
1010001010101001010101000111111101000000110010100111000000111111
0001000001001100011101110110110000011101001011011011110111100000
0011110110100010100011000010010111110011001111010010000110100010
1111100010110111010100110111000110010011000101101000101010010100
1110110111010011010001100100110000111011111011110011111110000101
1010010110000001001110111111110100010010110000010000111011111001
1010100110001110111010110011010001011101100011001101000011001001
0010101001101001000101100001101110010110110110100000011010000111
1101000011100001110110111111101010001000000111011101111101001101
1001110001010010101101111110011110100101111001110100010001110100
0001111010100110010110101001000111111000101000001110100001110010
1110100010001100110111111010101000000010011001110110101101100000
1011011010001100011000011010001000011110110110001101100011011001
0001001001110101001000010010011000000110100001000101011101110111
0101110111111110000100100000100000000110111011110110010111110011
0100000110011110010011101000000100111011010011001011110101100110
0001101010110100001010100101111001011010100011100111000100101110
1110101100000010010010001010101101100110101110100001101000010110
0001010110000100000000010010000000110110011001010001001110110101
0000010001110001001100101100001011010111001001110001100001011010
1011001000100111001001011111000010001110100001110110111001100011
0110010000100011110001101101101010101100110110011001101111000010
0100100100000100100110110101101010010000000000010001011010110100
1001101100101001111001000111111010101011001111000110110101011110
1111100110111110011100011101110110011110011001000001101100110101
0010001011001000110001011111010000111101100010000110100010100110
1000010101100011000011011000000011101101000111100101000011000010
0111111010111111111111011110100001000100111011110011111001111010
1111000001100111001000010000010100111010011001101000000100111001
1101000011100100000011101000001101000110000000001111111101101000
1010100100101000001010001110100011010011100100100011100101000100
0010000001001111010000011000100100111101011001101001001011000101
1110011100100101101000100110101010100010001011100110110110011110
0010110111111011101000011010110010010100101110100001111111011100
1000010000010011001000001111110100110111101100110010000000110111
0101110111001101011101110101100011001111101001100101011010101111
0001100011010111100110000001001110010010111010101011110000101110
0001100000101001100001100110001111101001011101000000000110100010
0000011110100110111101101010101100000101111100111110001100111010
0110010100100001111010100110011001100111100010000110100111100111
1011101011000101100110011001001111010011001100100001011101110111
1001101001100010011001101100111010101101101100100010010001010110
0010111101110000110011111001101001100000110001010011110010110110
1001100100100010100110011111011001000100100010001110011001111011
0000001001110101001001001011011001111011000000000110111100011001
0100100110100100010101011110101010000101110011101110001010111010
0100111000101010111000100010111100001111011111011010001000101010
0101000111011101010011010011010010001001000111000100001001000101
1011000111011001110010101001110000111010011100011111111001100110
0000011001011010101011111100111100001010010101111110000001100000
0010110111011011101111111101010010011011001111100001010001100100
1010010100011101000001100100110011111100110010101000011010101111
0011010101001110010001000110000011001000110001001111011010110001
0001100101000101110111110101000110111110110100100100010001011110
0110100110100110110101011101101000111110101010010011110011111001
1111001100011011010101101001110100000100100101101010001110001010
0101111011101001110111000110010011001111010000011111011001000110
1110111111001011110101000000100011000100010111001110101111111001
0011010111100110110011100111011000000001101000100110110011111101
1100001101101011111101001000010000111001011110110100010100110101
1111100100010110010101001001000100100111000010110111111110110100
1110110111010010010100111110100110011101100010001110110011100010
1001110011000101100101000000001110010111110010010100001011010011
1010101111111101011100111010011011110011010010010011101110000000
1000010100010100001110101100000011100111000011110011001000110011
0000001011110100001001011000001100101111010111001010110001000111
1111011010000000100000011110100100110100011100100100100110110011
1011000100111001011100110011100000010101001011000100010001101101
0011011000100101100111100110100101100010000101000101001110111000
1010011010110011000100001010001010111011111111001111010000101100
1101001001000000001010010110111111010101001011000000100001011110
1011011100110111100001100011010101110010011110101001111000010100
0101100000100100110110111110011011111110000011100000001010100100
0100000110011001011000000000001010111001010001101100111010111001
0010110111101011100010110001011110101010010000000100100000110100
1110011010001101011101110000000111011110001111110111010001110110
1101001110100010010110101010110001100110001110001100111000100000
0110010011101010011101101100011011011101001001111011111010110000
1011001000001101101001000011101100110100110011111001100011011100
0001110001001000000000111101011101010101001010000010100100001100
0110111111011001001011010100011011011000011100010001111111110101
1100010011000100001111110010100101100111010000100111011011110001
1000100011001011001110010100111010101101101000100100110111111000
1010110001011110011000001100001111111111100111011110101100110010
0000101111100011011100000111110101110001111011100101110000101010
0001101010100001010101111111001110000000000110010001100100011001
1010110000001011111000101001111000011010100000100000111100011011
1100000000110010010000011011000111111000101000010110111101000010
0000000010110001101111000100011000001101100000111111100011110010
1000101011001111101110101111001011100110010000010001101010111011
0100011111010000101011011001110011110011010001001110000000011001
0010000000101110111001010000010111101110111110110000111101011101
1110011100101101011101100110000101001000110110011110010011110111
0000100111001000001000011101111111111010111111000111001001100001
0111010000011011100011011010110011111001001111111000101100010011
1001110101001000000101111010110101010101011001011011001011000011
1010110011000011001001101100000110111001010111110101111111001110
0010100001011111000001011011100010101011000101001110010011101101
1010001111110110011101110010100000001110011000110100001001110110
1111101001001111010100011101001110100001011111010001100101001101
0110100001001100111101111110001101010101101101010111010100011000
1000010111101110001110110111100000011111011101101111010001101101
1010010100100110100100101110010101101010111111101001011111100011
1010001101110110111110111101010000000000000000000000000000000000
