11110111101101111110101010101110
11011011111110111111111100010100
01111100010100111111111011001100
00111111110010000001000011100110
01101011011001101000110100110111
10100000011110011100110101101011
01000011001011101100100000011101
11100000000111011110101011010100
11001010001110000110111110011000
00010100000100011010000010011101
01001100000011100101111111101000
10011110011110001111101101010001
00101011100110100011011000100000
01010110000101010011001110110101
10111100110101001010011100010001
10001011110111100000100000111001
01011110000100111000010000010001
10001011100110000101011101110000
00101001000111010011100100111000
01011010010010000000010010110011
00110110110000100010111110101110
00111000100111010101011101101011
11000100010011001000101000011001
00100001010110000110110000010011
00010100000011110010101101001110
10010100010001000010010001111110
10001111000111100000101011011001
11000111011101100000000011010000
11010101001101010011001100001010
01111011101010101001010010110010
01000000000010000110100011111011
00010001101100110110011101101001
11111010100110110011111001011111
00011110000110010100110110100100
10101011110010011000100000111000
01011110011111101110100001110110
10000000110000000101111011011111
01001000111111000100011010001000
00101100110010101000010101100101
01010011100001110010101001111111
11111000000100011011001010101110
10001101100000010011010110010011
00011001110100000111111110110011
11011000011001110010001000100101
00101000000011101001001100100011
11011011010000111101111010100110
01100110010000111011101100111010
11001100111101100100101000001110
01011100010110001101110110010110
11011000100001000110100011100000
10111010101101000111011011011101
01010100100001000110111111001011
11011111010111111100000100111000
11111010011011100101001010100111
10101110101000110110110000000010
00000001000001001010101010001011
11100101011010100111010111000111
10111011001001010100100111011001
01111101010110100101011110101010
10110010100011011111010100100101
11000001110000100010110110111101
11010101011001000010111100111001
11000011011000111111100010001001
10101001010010000100111011010110
00110010000011111101001111010010
10001010010010100011010011101101
10011000100110101110001101101111
01111010000100111101001000110011
00110011101011000111000001000111
10100110100101100000100010000010
11010011010011010010001110111010
10110010100101111110111111110000
00101011000111111101101100011100
01100111000111000011001100111101
10110100011001110010110011011101
10110010101101110010001010001011
01011100010111100011010010110100
11110011011010011001111101011101
00101001000111000101110011110011
10101000011011101100010110101011
00111001011010101101110100001111
00101110000100110100110100010010
00001000000100011100101011001000
00101110110000001011111001010111
00000011000100001100111001111010
01111000010001000111100101011000
11110011111110001000000011100111
00111101001001110101100011000100
11001010001100011111101111100111
10101101000001110010011010101010
01001110011110111101001001001110
11010111000110011110001010100111
10111010010111011000100111011111
01100100011011110000001001100110
01101000110010100101010101001000
00101010001100101110010011100100
10111111001000111110001110111111
11011000000010111101101001010100
11111011010010001000100000100010
10100001111010101000010100101000
01101001100110110111111001011011
10100001100100100101101101100111
01011100001001000001010001000001
11000110011000010100101101010000
00101000111101001010011011101000
10010101001100110110111011111001
01101100101111011111101001101110
10100011101110101101001000101111
00011001000111101101000101101000
11011100000101001111100101010010
00100110000100000111100101111000
10011111111101110001100001101110
00101001100110011101101000000001
00011101100111000110001101100011
00101010000001101100110110101110
11110000101110110100001100000000
10010111110111000000110011011000
11001101011101001111000110000010
10100011111100000111101101001011
01100111100010011110100011100000
01101001010110000100111000011001
11001101000011100110000010010000
11110110111111011001100110101100
10010011100010101111101110010010
01111011101010011110101010000100
00000011101001111100100001110010
11011010011011001010010010100011
00010011100100011100001110000110
00100111001010001001111101011000
11100100000011010011010111110101
10111101100110101111101001110110
10001110100000011000001010001110
00010101111100000000010110000010
01001101111000010100101001010011
00111110001001000110011000110011
10000110010001110001010111100000
11101110010001111001111101110100
00101100110001101111010010010000
00101100110111101000111110110101
11110101011101110001001000011001
10001010011000000111001101010001
10000111001110100000100000011011
11100100100100000010100100101100
10100110000001001100100110110100
00011100001011001010000001101101
00110000100111111111010100100011
10000010010010111011010100110001
10011110000110100011000010100100
11000000011010101001111101100001
10101111100100000100010100011100
01000110111110010100010000101010
00011000000111010101100110001101
10000111111011100100010000111000
11100001101101011010011100110001
11111100001110110011111110111000
01110110111111110110001101011000
11110000000000100010001110100101
10010010010000111000100100010011
01100011010010110010010100110111
11000000101011010001111011111101
11110001000001010010110111000111
01010100111000011110011001110100
01100010000011111101000110010111
01010000100011101011110000111001
00000001001011010100011000011010
01001000101110011110111001100111
11011111111111110001011000000101
10010001100111100101000000100101
11100000110101001100011011011001
11010001010111011110011110110000
01000101101000100010100001011000
10111100101011100110000110010110
00101100100000011010011111010101
11010101000101010000110011001100
01100011101000000000000000111101
00010110100100000101110100001001
11001100001100101110000000010101
11110000011001110010001001001101
10011011001100010101110111010100
00011101100100001001100010110000
11000001101010111110100100010111
00001110010100110110000100111101
11010100110011100000101111110101
00001001100100000110001110010110
01101010001011101001011001101110
10011100100111101111001110100010
01000011111101011111011011111110
10011100111110100110011111010100
11110100111010000010110001010000
10110101000111001011110110100111
10010101010010000000010001100000
01100101011101000001001000110100
00011010100110111001001000110101
00000100110101011011011100010101
01101011010110101100000110001111
10111001001000010000111100100010
11000110000110101101000011001010
00111100011101110110000010001101
10101001110001001000000101111100
00001001001001111110111000010110
10001101111111100001111101111111
10110011011010101010110111011111
01110001100110100111010101110010
11110001000011110000010111101101
01011101011100110001010111011111
01111010000001100100101101101011
11001001100000100100101001010101
10111011100100110010110101101000
00001101000101111001111101111011
01001101010011010110000111001000
11010001001010111100100010001100
00111101000011111111110110110100
10111111110001101011100100100000
10011100001001001000101101101010
10011001101100101100100110100100
01001010100011001111010001110011
10001100111000000111101011100011
01001111110100101100101001011110
10000100010011101011111011010110
11000010110001000101011110101010
11001100101111101000111101100011
00101001010100011001100101111000
00110101111110101010000001111101
11000111001100100111100101111000
11101111001110101110011111000101
10111111111001111100101011000111
00100111010100010001101000001111
01010011011100111010100000111111
11101111111000010101000111010001
01011011011101011001010110101110
10011101100001100100010110000011
00110101010010000001100000000111
01011111101001111010011000110111
00010010011010011100011011010100
11110111110001001101111011110001
10101011001000010111110000100110
01110000110001011100010110100001
00001101100110110010101110010001
11000110101000110111111000101111
00001010010001101000101100000011
00001000010010101110111010010001
11011111110101000110011010101011
00010100001010111011111111001101
10111000000001001111001101101011
01011011010000101000011111111001
11010011001111000100100111110100
11011110110110110001111111101111
01100011000001001110011011101101
00000111111100000111001110111011
10000011000011111000000001101101
01000000110000001111010011101010
00000001000100001111100111111100
00110001011010110110001000000100
11000101111011000000100101110100
01110001001001110010100101001111
11011110100001001100001100011001
10001010110001110000110001010010
11110101101000010110010110110010
01101010111000100000000101000100
01111110101100001001010001000100
00011001010111011110100100101100
10010100110101100010000001011100
00010100100110101101011000000101
11010111000101001101110110010011
00110011111001010010111000101100
01001011000111101000100100111000
11000110100111111000000000111110
11001010101111001010110111101000
11110000100011101001101111110010
10011101111011001111011100100001
01001010110110100011110000111011
01100101110000010011100011000110
01100000011011010000111010101111
11101111110011101001001100010100
10001100010111100111110000101011
11101010111010011001000001011111
00101100011111010000101000110000
01000101100100111010110001110001
10000101100100110110110110001110
01100111111000001001101110111110
10100000101001111010111111101110
00101010110001110010011011010011
01110011011010000101101110100100
11011010101001101100100111101110
10111111100111001000001111111011
10000101111001100011100000110101
10100100011111010111011010000111
00000000000111101001011011101110
01011100011001001100101001010001
00100110011010010111100001100110
01000011010111101001100110001100
10110110001001001101101110011100
11011101100010010001100010111111
11001100000010111100011010001001
10001110010111100011001001011011
01000111101110101010111010001101
00101110100011000100001110110101
01011111011111100001001011101000
01110100101001000101100110111011
00010110011000101101011110011101
11000000000000101000101111100100
11001110000000000110111010111000
10111101001000110000100010010000
01000010101111101101011101110101
11110010011010100111010010101001
00111011100000000010011000111101
11111110111001010001001001001011
01100010100101011010001101110110
00100011010100011001010010010010
11000100110010110110101010001110
00111100001111111000110001010000
11100010111111100101011000010111
01110111001001001011110001101000
00101000001110101100001001100000
11100011010100000101000110110100
01100110000000011000100101001010
10110000110000000011111100110100
00010001111101111101101000001100
11100100001111010101001000101110
11110011011011011011110010110001
01100010110100011101011010001010
00011100101111001100110010011010
11110111100100111010010000000110
10011111011011100101100010010101
00101010011000111101011100010110
11011101101011011100111010100110
00010110100000100110000001010011
00101101101100111101110011011001
11000100010011001101001000000000
00101101001110101110101101110100
10001010101111001100000111000001
10001100101110111101011010010010
10011001100011100101000111101001
00111010011010000011110001000010
00000111111101101010111011010000
01110010100010111100110011111011
01110101110101100110111110011100
00001100110001000010100010100101
01101011111011011110100010111001
10101000000101010001011010000000
00010010000000010001101101011100
01000101110001100001100000000100
00110100101011010111000011101101
01011010010011010110101111110000
01010000010001110010101111111101
00101111001001100001111010110011
10111001011110011101011000000001
10111111011110001111111001111101
00011111111011100111011010101101
01110110001011011100011000110001
01010111000111010101101011101010
01001001110010000110011100101001
11001100110010111101010010110000
00001010100001000101011001000010
10010000001011111111100010110001
01100100010010110010010011001001
10111011110100100100001001111011
00110000010101110001110011011110
00001011011111111001100111110010
10101101001110010110100011010000
01011001110011011101001101001110
11110011000110000101111001000100
00111011111101100110110111100011
00110100010010000010010100011001
00000110100011110111100000100111
01011110010111010100010100101000
10101101101001101110000101111100
01010111101001011000101111001110
00110001111100111100100000111011
01100010000010001100010101110000
11100101110001100011000011111000
00011101001110001110010010001101
11100000110011001101001111010010
00110110101110001001100000111011
01001010111101101010011010111110
01110010000001100111001000111110
01010100101100110000101110100101
11100100110010111000001110000010
00111011010101110110111100111001
00100110111001111110111111100011
11110110101101001101010011001010
11001000001010001101111001010000
01110111011101000000000001110110
00000100111100011101111001111111
11110101100011011000011000011011
01101011100111000011000011111111
01110100100010100111001100110000
00111111010100101101100000111011
00100111101101011111111011100010
11100100110101110000100001100001
01110111110110110111011111001110
00010100110010100110011011111110
01111011000100011001001010100001
00101001001111111000010110010101
01001100000010010010110001010101
10010101110001001010010100101101
01001110011001100100010100010101
01101000011101111111001000110011
11000110001000010001010001100100
01011100110110100101100111101111
01110100010111111010001011100001
10000001011011010010010101111101
10011110011111010010111111001101
01010100000111101101001101111000
10100011110011111111101100011111
01110001001101111101011101101010
00010000011010110011110111111111
01100110101100000010011101001110
11101110110001000101101011110100
01011100001000010000111001010010
10011111010101101101011111110110
11000111111000000000110000000011
00111100101111001100000000111011
10011001001110000001101001010100
00111111111001000000101000101011
10001010000000111101001101101000
00010110010100110010010111000010
11101000111101110010001001001000
11101111111100111111000010110111
11010110101101111110010110100101
10111110110011101110010100001000
01010011111011000110011111100110
11110111111001010110101010100101
11111011001001010001111101001101
10001001100001110000010000101110
11000010100111100001010001010101
11000001010011111011011011111000
11010010000100010100011001101100
10001010000001011001000011011000
00010010111100001001100000110101
01010000100110101000000010100110
01111001100111111110000010110010
11011011011011001101111010000111
11110001000111110100100010100111
11000111010111011010001010011111
00111001010001110100111000101001
00100110110000111011110001110000
10000000010001001110110011010110
10111011100100000110001110001000
11011010010111001001101100010110
11010110000011010100010011010000
11101011100110010010110010110000
00100101101001000111101101101001
10010011011010111111100110101100
01110000111100001110100100000111
01011000101111100101111011101001
11110010010100101011100101000010
10001000110000011011111111100001
00110010011011001111100111000110
11010100101001111011011000110000
10011101111101000000110000111110
11010011010101111010100001010100
11000010010101110100100100111100
01110101110000100111101111111010
01000000101001110111011000101011
00011000001011001011101100001111
01101111100100010001010110010110
10010111111000010000011111110011
00111101100010010101111110010001
01001000000000100101001010111111
11111110011010110101011001001101
00110111111001011111010101101001
00111101011110011010111001000001
01001101000000001010010100000101
00110001011011011010111000101111
11000010001011010010100001000100
11011001110110011111101110110001
01110110011000011111001111010111
00110101100100011000100001010011
11111010001011101011011101101000
00000110110001101000111101001111
11001000100001110100001001101000
11000100001001110101000011111000
10101000010100101010101111010001
00010101110011001001100001000100
01110110010111010111111010011011
00010001100001101110011000111111
00101001000000011111110011100111
00110011001001100100110000001100
00011010000011100101101100001101
10110011111100100011001011110100
11001010001000100100100101000101
11111010011011011000001001101001
10010110000100101101110100011110
11100110010111001101001100110011
00001010101110101001011111110011
10101011010111011101110101101101
10000001011110010010111100010111
11101000011100111011111011111010
00110101000111111111001100011101
01001111001111010011001101011011
01110011111101111000111001101111
01000010111100111101100010000111
10110000011011110101000001010101
01101000011111011001101011010111
01101011100101001000000111111001
00010111010100110110100110000110
01111111000100010100011011111000
00110100100001010011100110001011
10111001001000001000011100000101
01010010010101000010110100001010
00100101011100000100001110101111
00001110111011011011011101011011
10000010100101011100011001110111
00000010101001110000101101100100
10000110000100000110101100000100
11011001111000110000110111000010
11110000001100010011000000011011
10011101110100100101100100101010
00101001010000010101010111010110
00101000011001011000101001101110
00110101101111001111000011110001
00111000001100001110110111011010
11101101010101011011100000010101
10100100010100000111100110011001
10101111001100100101010011000000
01001110101100010000010101101000
00111100100001010001101000011000
11100111000001000011010011000001
01111011110010110010100001001011
00011100110100110101111001001000
10101010110100010111100111100001
11000010000100101100011110100010
01010000111101110011100000010111
10100111010001000111110010101101
01000001010101001111011000110010
10011011001011001111011010010001
11000000001010010111000011010101
01111101100001100100000100001000
11101011001010111111000000111101
01000010100100101011111011110101
11011001001011100000001111111001
10011111001100000011001110101101
10000010100101100100000010100101
10100001101101100000011001011101
00010101101100111101001100010101
00001101100001010111010011001101
01011011110010101111000010111000
11010000001000111110000001000101
01010110000100111010111011110101
10101100101000100110000100010111
11001000000100100011100110001010
00000100111110010111110101000110
10010111111000100110110001011101
01111000101000111000100101100100
01011001100011001110110100001010
00000100001100011100011000001011
01111111110001111010011011100011
10011110111000000100001001001001
01011001111101111011000101110011
01011101011101111011110101101100
11110101011100000111011111111101
10111100110111110111010111111110
01011111001101101110110010111010
00101010001110000010001100111001
01111100110110111000010111010001
10100111011100011101101101101101
10001001100100101110100001000001
11111110010010010010000001101011
01110000111101110010000101100000
00100100000001010101010001101111
10101000101101100101100100111101
10110000000001111101110101111011
01110100011110000000000111100010
01101011010100111001110101000001
11100000010001110110010100000110
10001001001001110001110110100001
01011101001110100100100111011000
10110010110001100110100100110101
10001100000110010001110010001001
01100110110101100001100101010100
10000100101011101010010110000110
00011010110000011101000101011010
10101011111010100111101011111100
01010100111000011001001001111000
10111101000110100110011110110011
10000010001011110011011011001100
01011010000000010100101101110011
01111000101101100000010001011100
01100110110111001101101100001100
10001100000001000000000010000001
01000111010101111010101111000010
10101101011011101110010001011100
01100001111110101010001100101100
10100101100100000000110001000010
11000000001100001011000011000010
01000101001001111011000011111011
01011110111011101100101111001011
10001110101100010011111101101011
11100000011101110010101100011110
01111000000011010100011100101000
11100111101011110111100101000011
00000000010001110101100111001100
00111000001010000011101000111101
00011110110010101001101010100111
01010101001101101010001110101011
10101101101111101010101001011111
01101011011101100011001010011011
00100011010000000001111110111001
11100000011010000110000001010001
01010100010010111111100110100110
10011010110010001111100111001100
11100010101110011001010111011001
11000011011001000000000010010001
10001000011010010111010110011011
11100110011110000110101110000011
00100101000000111101100010101101
11111110111011100001110111110100
00000100011110110101000011100111
11101010010100011100110011100111
10010100010000010000101100000100
11001100100000000110111101111010
11111001110111001011011011000110
01110010000110111010001000111100
00111010100001001111010000000000
10111010100110110010011001011001
10001010001110010010100110110110
11011111101100000101000111100110
10000011110011011011101101100010
10100110111000010001100000000010
10101110110011000000000100101001
10110000111101010100110100010111
00111111010100000101100100011000
10100100000110010100110111011111
11011111111011101001011011100010
00000110110110111110101011001010
00111001100101001011001010011110
11111100101010011110100101001101
11111100101100000011111100111001
00101010011110010011011110011010
10000000110100111010100010000001
11000100000110000100110100000011
10000100110011101100011000110011
11000111111000011110111111111011
01111001111001111101011010000000
01000000011001001111101011100111
10000011111001110110110101000111
01100001111001010000000000000000
