1111011110110111
1110101010101110
1101101111111011
1111111100010100
0111110001010011
1111111011001100
0011111111001000
0001000011100110
0110101101100110
1000110100110111
1010000001111001
1100110101101011
0100001100101110
1100100000011101
1110000000011101
1110101011010100
1100101000111000
0110111110011000
0001010000010001
1010000010011101
0100110000001110
0101111111101000
1001111001111000
1111101101010001
0010101110011010
0011011000100000
0101011000010101
0011001110110101
1011110011010100
1010011100010001
1000101111011110
0000100000111001
0101111000010011
1000010000010001
1000101110011000
0101011101110000
0010100100011101
0011100100111000
0101101001001000
0000010010110011
0011011011000010
0010111110101110
0011100010011101
0101011101101011
1100010001001100
1000101000011001
0010000101011000
0110110000010011
0001010000001111
0010101101001110
1001010001000100
0010010001111110
1000111100011110
0000101011011001
1100011101110110
0000000011010000
1101010100110101
0011001100001010
0111101110101010
1001010010110010
0100000000001000
0110100011111011
0001000110110011
0110011101101001
1111101010011011
0011111001011111
0001111000011001
0100110110100100
1010101111001001
1000100000111000
0101111001111110
1110100001110110
1000000011000000
0101111011011111
0100100011111100
0100011010001000
0010110011001010
1000010101100101
0101001110000111
0010101001111111
1111100000010001
1011001010101110
1000110110000001
0011010110010011
0001100111010000
0111111110110011
1101100001100111
0010001000100101
0010100000001110
1001001100100011
1101101101000011
1101111010100110
0110011001000011
1011101100111010
1100110011110110
0100101000001110
0101110001011000
1101110110010110
1101100010000100
0110100011100000
1011101010110100
0111011011011101
0101010010000100
0110111111001011
1101111101011111
1100000100111000
1111101001101110
0101001010100111
1010111010100011
0110110000000010
0000000100000100
1010101010001011
1110010101101010
0111010111000111
1011101100100101
0100100111011001
0111110101011010
0101011110101010
1011001010001101
1111010100100101
1100000111000010
0010110110111101
1101010101100100
0010111100111001
1100001101100011
1111100010001001
1010100101001000
0100111011010110
0011001000001111
1101001111010010
1000101001001010
0011010011101101
1001100010011010
1110001101101111
0111101000010011
1101001000110011
0011001110101100
0111000001000111
1010011010010110
0000100010000010
1101001101001101
0010001110111010
1011001010010111
1110111111110000
0010101100011111
1101101100011100
0110011100011100
0011001100111101
1011010001100111
0010110011011101
1011001010110111
0010001010001011
0101110001011110
0011010010110100
1111001101101001
1001111101011101
0010100100011100
0101110011110011
1010100001101110
1100010110101011
0011100101101010
1101110100001111
0010111000010011
0100110100010010
0000100000010001
1100101011001000
0010111011000000
1011111001010111
0000001100010000
1100111001111010
0111100001000100
0111100101011000
1111001111111000
1000000011100111
0011110100100111
0101100011000100
1100101000110001
1111101111100111
1010110100000111
0010011010101010
0100111001111011
1101001001001110
1101011100011001
1110001010100111
1011101001011101
1000100111011111
0110010001101111
0000001001100110
0110100011001010
0101010101001000
0010101000110010
1110010011100100
1011111100100011
1110001110111111
1101100000001011
1101101001010100
1111101101001000
1000100000100010
1010000111101010
1000010100101000
0110100110011011
0111111001011011
1010000110010010
0101101101100111
0101110000100100
0001010001000001
1100011001100001
0100101101010000
0010100011110100
1010011011101000
1001010100110011
0110111011111001
0110110010111101
1111101001101110
1010001110111010
1101001000101111
0001100100011110
1101000101101000
1101110000010100
1111100101010010
0010011000010000
0111100101111000
1001111111110111
0001100001101110
0010100110011001
1101101000000001
0001110110011100
0110001101100011
0010101000000110
1100110110101110
1111000010111011
0100001100000000
1001011111011100
0000110011011000
1100110101110100
1111000110000010
1010001111110000
0111101101001011
0110011110001001
1110100011100000
0110100101011000
0100111000011001
1100110100001110
0110000010010000
1111011011111101
1001100110101100
1001001110001010
1111101110010010
0111101110101001
1110101010000100
0000001110100111
1100100001110010
1101101001101100
1010010010100011
0001001110010001
1100001110000110
0010011100101000
1001111101011000
1110010000001101
0011010111110101
1011110110011010
1111101001110110
1000111010000001
1000001010001110
0001010111110000
0000010110000010
0100110111100001
0100101001010011
0011111000100100
0110011000110011
1000011001000111
0001010111100000
1110111001000111
1001111101110100
0010110011000110
1111010010010000
0010110011011110
1000111110110101
1111010101110111
0001001000011001
1000101001100000
0111001101010001
1000011100111010
0000100000011011
1110010010010000
0010100100101100
1010011000000100
1100100110110100
0001110000101100
1010000001101101
0011000010011111
1111010100100011
1000001001001011
1011010100110001
1001111000011010
0011000010100100
1100000001101010
1001111101100001
1010111110010000
0100010100011100
0100011011111001
0100010000101010
0001100000011101
0101100110001101
1000011111101110
0100010000111000
1110000110110101
1010011100110001
1111110000111011
0011111110111000
0111011011111111
0110001101011000
1111000000000010
0010001110100101
1001001001000011
1000100100010011
0110001101001011
0010010100110111
1100000010101101
0001111011111101
1111000100000101
0010110111000111
0101010011100001
1110011001110100
0110001000001111
1101000110010111
0101000010001110
1011110000111001
0000000100101101
0100011000011010
0100100010111001
1110111001100111
1101111111111111
0001011000000101
1001000110011110
0101000000100101
1110000011010100
1100011011011001
1101000101011101
1110011110110000
0100010110100010
0010100001011000
1011110010101110
0110000110010110
0010110010000001
1010011111010101
1101010100010101
0000110011001100
0110001110100000
0000000000111101
0001011010010000
0101110100001001
1100110000110010
1110000000010101
1111000001100111
0010001001001101
1001101100110001
0101110111010100
0001110110010000
1001100010110000
1100000110101011
1110100100010111
0000111001010011
0110000100111101
1101010011001110
0000101111110101
0000100110010000
0110001110010110
0110101000101110
1001011001101110
1001110010011110
1111001110100010
0100001111110101
1111011011111110
1001110011111010
0110011111010100
1111010011101000
0010110001010000
1011010100011100
1011110110100111
1001010101001000
0000010001100000
0110010101110100
0001001000110100
0001101010011011
1001001000110101
0000010011010101
1011011100010101
0110101101011010
1100000110001111
1011100100100001
0000111100100010
1100011000011010
1101000011001010
0011110001110111
0110000010001101
1010100111000100
1000000101111100
0000100100100111
1110111000010110
1000110111111110
0001111101111111
1011001101101010
1010110111011111
0111000110011010
0111010101110010
1111000100001111
0000010111101101
0101110101110011
0001010111011111
0111101000000110
0100101101101011
1100100110000010
0100101001010101
1011101110010011
0010110101101000
0000110100010111
1001111101111011
0100110101001101
0110000111001000
1101000100101011
1100100010001100
0011110100001111
1111110110110100
1011111111000110
1011100100100000
1001110000100100
1000101101101010
1001100110110010
1100100110100100
0100101010001100
1111010001110011
1000110011100000
0111101011100011
0100111111010010
1100101001011110
1000010001001110
1011111011010110
1100001011000100
0101011110101010
1100110010111110
1000111101100011
0010100101010001
1001100101111000
0011010111111010
1010000001111101
1100011100110010
0111100101111000
1110111100111010
1110011111000101
1011111111100111
1100101011000111
0010011101010001
0001101000001111
0101001101110011
1010100000111111
1110111111100001
0101000111010001
0101101101110101
1001010110101110
1001110110000110
0100010110000011
0011010101001000
0001100000000111
0101111110100111
1010011000110111
0001001001101001
1100011011010100
1111011111000100
1101111011110001
1010101100100001
0111110000100110
0111000011000101
1100010110100001
0000110110011011
0010101110010001
1100011010100011
0111111000101111
0000101001000110
1000101100000011
0000100001001010
1110111010010001
1101111111010100
0110011010101011
0001010000101011
1011111111001101
1011100000000100
1111001101101011
0101101101000010
1000011111111001
1101001100111100
0100100111110100
1101111011011011
0001111111101111
0110001100000100
1110011011101101
0000011111110000
0111001110111011
1000001100001111
1000000001101101
0100000011000000
1111010011101010
0000000100010000
1111100111111100
0011000101101011
0110001000000100
1100010111101100
0000100101110100
0111000100100111
0010100101001111
1101111010000100
1100001100011001
1000101011000111
0000110001010010
1111010110100001
0110010110110010
0110101011100010
0000000101000100
0111111010110000
1001010001000100
0001100101011101
1110100100101100
1001010011010110
0010000001011100
0001010010011010
1101011000000101
1101011100010100
1101110110010011
0011001111100101
0010111000101100
0100101100011110
1000100100111000
1100011010011111
1000000000111110
1100101010111100
1010110111101000
1111000010001110
1001101111110010
1001110111101100
1111011100100001
0100101011011010
0011110000111011
0110010111000001
0011100011000110
0110000001101101
0000111010101111
1110111111001110
1001001100010100
1000110001011110
0111110000101011
1110101011101001
1001000001011111
0010110001111101
0000101000110000
0100010110010011
1010110001110001
1000010110010011
0110110110001110
0110011111100000
1001101110111110
1010000010100111
1010111111101110
0010101011000111
0010011011010011
0111001101101000
0101101110100100
1101101010100110
1100100111101110
1011111110011100
1000001111111011
1000010111100110
0011100000110101
1010010001111101
0111011010000111
0000000000011110
1001011011101110
0101110001100100
1100101001010001
0010011001101001
0111100001100110
0100001101011110
1001100110001100
1011011000100100
1101101110011100
1101110110001001
0001100010111111
1100110000001011
1100011010001001
1000111001011110
0011001001011011
0100011110111010
1010111010001101
0010111010001100
0100001110110101
0101111101111110
0001001011101000
0111010010100100
0101100110111011
0001011001100010
1101011110011101
1100000000000010
1000101111100100
1100111000000000
0110111010111000
1011110100100011
0000100010010000
0100001010111110
1101011101110101
1111001001101010
0111010010101001
0011101110000000
0010011000111101
1111111011100101
0001001001001011
0110001010010101
1010001101110110
0010001101010001
1001010010010010
1100010011001011
0110101010001110
0011110000111111
1000110001010000
1110001011111110
0101011000010111
0111011100100100
1011110001101000
0010100000111010
1100001001100000
1110001101010000
0101000110110100
0110011000000001
1000100101001010
1011000011000000
0011111100110100
0001000111110111
1101101000001100
1110010000111101
0101001000000000
